2
3
10
58
59
61
62
63
64
65
67
68
69
70
71
72
74
75
76
79
80
82
83
86
87
88
89
90
91
94
96
97
101
102
103
104
105
107
110
111
112
113
114
115
116
120
121
122
123
124
125
126
127
128
129
130
134
135
136
137
139
140
141
143
144
145
147
148
149
152
154
156
157
158
159
160
161
162
163
164
165
167
168
169
172
173
174
176
177
180
182
183
186
187
188
189
190
192
193
194
195
198
199
200
201
204
205
206
212
214
215
216
217
220
221
222
223
225
226
227
228
230
231
232
233
234
236
237
238
239
240
242
243
244
245
246
247
249
250
251
252
254
255
256
257
258
261
263
264
265
269
270
271
273
276
277
278
280
281
282
285
287
288
290
291
292
293
295
296
297
301
303
306
308
309
310
311
314
316
317
320
321
322
323
324
327
329
331
332
333
334
335
337
338
340
341
342
344
345
347
348
350
352
354
355
357
358
360
361
362
363
365
368
371
375
376
381
382
383
384
386
388
390
391
392
393
394
395
397
399
400
401
402
403
404
405
406
408
409
410
411
412
415
416
419
420
422
424
426
427
429
430
432
433
435
436
437
439
446
447
448
449
453
458
459
460
465
470
477
490
492
493
494
495
496
497
498
499
500
502
503
504
505
506
507
508
510
511
513
514
515
516
517
518
519
520
521
522
523
524
525
526
527
528
529
530
531
532
533
534
535
536
537
538
539
540
541
542
543
544
546
547
548
549
550
551
554
555
556
557
558
559
560
561
562
566
572
577
578
579
580
581
582
583
584
585
586
587
588
589
590
591
592
593
594
595
596
597
598
599
600
601
602
603
604
605
606
607
608
609
610
611
612
613
622
626
636
640
641
642
643
644
645
646
647
648
649
650
651
652
653
654
655
660
661
662
663
664
666
667
668
669
670
671
672
674
676
677
678
679
680
682
683
684
685
686
687
688
689
690
691
692
693
694
695
696
697
698
699
700
701
702
703
704
705
706
707
708
709
710
711
712
713
714
715
716
717
732
733
742
743
744
745
747
749
751
769
785
786
